cmera: Camera.001
num_x: 5
num_y: 5
base_x: 0.10000000149011612
base_y: 0.10000000149011612
